(Transform "BSplineTransform")
(NumberOfParameters 240)
(TransformParameters 0.000000 0.000000 0.000000 -0.000000 0.000000 0.000012 0.000013 0.000001 -0.000000 0.000000 0.000000 0.000000 0.000000 0.014035 0.099794 -0.353053 -1.421514 -0.656107 2.485880 0.207428 -0.924648 -0.149950 0.032805 0.000767 0.000000 0.935840 22.880859 49.191429 4.257300 -6.472511 6.459784 18.307802 -3.002747 -6.331649 2.016118 0.140605 0.000000 1.428803 43.572224 41.412981 -22.433347 -19.595871 -87.528644 25.527009 6.764036 -6.849483 -3.137808 0.429907 0.000000 1.865182 25.028157 76.017744 4.522384 38.873450 22.546578 -30.055767 19.742699 15.563475 -13.332135 0.077628 -0.000000 4.809856 8.979172 112.307298 36.282588 -22.053827 -25.680463 24.463104 45.265628 -47.067699 -15.016534 -0.026922 -0.000000 1.332531 0.430795 52.679079 15.317774 4.040732 19.076950 -31.281029 5.265841 21.055796 -1.176989 0.000035 0.000000 0.595505 9.834864 -3.900765 -24.021787 -4.601046 -8.252016 -70.191286 -23.854805 11.821219 1.491065 -0.000000 0.000000 0.005374 0.043217 -1.342094 -2.935627 -2.943643 -5.864481 -10.638286 -2.826133 -0.350208 0.010881 0.000000 0.000000 0.000000 0.000000 0.000000 -0.000004 -0.000323 -0.003811 0.003799 0.010054 0.000491 0.000000 0.000000 0.000000 0.000000 0.000000 0.000000 0.000001 0.000034 0.000035 0.000002 0.000000 0.000000 0.000000 0.000000 0.000000 0.030909 -0.227624 -2.760779 -2.916005 -1.978165 10.109401 6.279407 1.186110 0.112007 0.007191 -0.000317 0.000000 1.504263 11.960320 -14.302243 -27.888403 -68.302570 -17.878138 20.912658 31.885955 5.069763 -0.705916 -0.052759 -0.000000 1.619335 17.287116 61.658169 -14.005630 53.690273 36.967616 23.378519 25.291139 -0.941824 3.882665 -0.164833 -0.000000 -0.072025 5.207092 5.624263 -18.626548 32.348912 -13.606237 -16.516509 -15.390371 3.640003 3.674198 -0.077370 -0.000000 0.891940 25.797689 14.434926 9.902496 13.269422 -16.239694 42.701139 3.976299 -6.265643 3.676477 -0.007460 0.000000 -0.681000 -16.718761 -6.191393 -23.566505 6.423519 -20.449054 -6.419051 -15.368626 0.488172 6.658834 0.000036 0.000000 -0.236108 -2.929773 9.697159 4.461039 53.910780 -36.352183 -61.904866 9.163239 -12.486307 1.039052 -0.000000 0.000000 -0.003094 -0.122567 -1.112133 0.670228 10.499465 -0.361507 -7.761153 1.666724 -1.686623 -0.042084 0.000000 0.000000 0.000000 0.000000 -0.000000 0.000001 0.000155 -0.010704 -0.015859 0.017498 0.001216 -0.000000 0.000000)
(InitialTransformParametersFileName "C:\Users\romai\Documents\FreezingEffect\src\freezingeffect\alignment\to_align\2023-04-06_T_FRE-FR-T0_FR_S1_1__28_06_2023_17_26_07\invReg\temp_20230628_172616\TransformParameters.0.txt")
(UseBinaryFormatForTransformationParameters "false")
(HowToCombineTransforms "Compose")

// Image specific
(FixedImageDimension 2)
(MovingImageDimension 2)
(FixedInternalImagePixelType "float")
(MovingInternalImagePixelType "float")
(Size 516 388)
(Index 0 0)
(Spacing 1.0000000000 1.0000000000)
(Origin 0.0000000000 0.0000000000)
(Direction 1.0000000000 0.0000000000 0.0000000000 1.0000000000)
(UseDirectionCosines "false")

// BSplineTransform specific
(GridSize 12 10)
(GridIndex 0 0)
(GridSpacing 70.1965644186 72.9525160559)
(GridOrigin -167.9873261528 -137.4227067213)
(GridDirection 1.0000000000 0.0000000000 0.0000000000 1.0000000000)
(BSplineTransformSplineOrder 3)
(UseCyclicTransform "false")

// ResampleInterpolator specific
(ResampleInterpolator "FinalBSplineInterpolator")
(FinalBSplineInterpolationOrder 3)

// Resampler specific
(Resampler "DefaultResampler")
(DefaultPixelValue 0.000000)
(ResultImageFormat "nii.gz")
(ResultImagePixelType "float")
(CompressResultImage "false")
