(Transform "BSplineTransform")
(NumberOfParameters 240)
(TransformParameters 0.000000 0.000000 -0.000000 -0.000000 -0.000321 0.004302 0.009525 0.004210 0.000789 0.000170 0.000001 -0.000000 0.000000 0.046818 2.160943 2.039103 -5.282530 -7.360389 2.144201 5.737054 2.096125 -1.790971 -0.550362 0.000219 0.000000 0.151810 17.082276 18.697122 -64.184770 -70.715090 -9.537192 51.461609 13.624981 -18.853691 -4.257412 0.047365 0.000000 0.077674 18.810157 10.497755 -20.757542 14.627080 39.572661 -25.687695 24.099088 3.516239 0.951869 0.352484 0.000000 0.285215 25.353352 82.793105 19.647434 37.924330 29.307447 -30.966548 32.214331 -8.972356 -19.997404 0.036942 0.000000 -0.049278 5.596709 104.704280 7.794065 -21.151155 -39.427327 0.407338 7.119194 19.324416 -5.242399 -0.111400 0.000000 2.120619 18.099730 60.553995 10.673972 20.382478 23.657563 -26.917306 -30.031741 33.900154 16.570902 0.069449 0.000000 0.558090 8.040300 2.374165 -18.568707 -4.576990 -37.113504 -45.101559 -24.921805 -7.653858 1.399114 0.007931 0.000000 0.097463 1.654355 1.716451 -1.117071 -1.380078 -8.173060 -6.131104 -1.218088 -0.384579 -0.005241 -0.000000 0.000000 0.000000 0.000000 0.000000 -0.000005 -0.001484 -0.015852 -0.018251 -0.001123 0.000003 -0.000000 0.000000 0.000000 0.000000 -0.000000 -0.000002 -0.000813 0.025405 0.074727 0.035153 0.003664 0.000165 0.000002 0.000000 0.000000 0.181747 5.324032 3.540482 -5.926490 -13.368663 14.369831 16.523322 3.795318 2.092935 0.265007 -0.000075 0.000000 1.750863 45.708373 35.515854 6.408700 -31.393712 -32.551726 46.896360 21.719608 2.601564 0.728215 -0.016953 0.000000 0.682956 26.339986 53.763424 -31.609045 62.528780 -19.902106 26.267947 -1.620810 -13.344375 -4.581298 -0.156271 0.000000 0.506175 -6.886238 -1.093384 14.033040 32.117229 -17.563616 -7.573983 -7.786380 6.468864 -5.181893 -0.121868 0.000000 -0.307518 -2.536365 1.568428 7.856443 18.570915 -27.747856 37.885213 -6.271478 27.322429 9.775498 0.013946 0.000000 -0.664604 18.654878 12.212372 -18.910812 37.101915 -56.205378 -22.201709 -21.581657 12.204854 14.005672 0.025149 0.000000 -1.632707 -10.232862 1.718622 8.511084 27.299035 -35.524872 -42.138319 -7.390708 -21.347407 1.392909 0.004755 0.000000 -0.365583 -3.796684 -2.470504 1.992519 4.427629 3.074002 -0.776887 1.221602 -0.986947 -0.016919 -0.000000 0.000000 0.000000 0.000000 0.000000 0.000002 0.001853 0.013793 -0.002073 -0.001888 0.000001 -0.000000 0.000000)
(InitialTransformParametersFileName "C:\Users\romai\Documents\FreezingEffect\src\freezingeffect\alignment\to_align\2023-04-06_T_FRE-FR-T0_FR_S1_1__28_06_2023_17_26_07\invReg\temp_20230628_172621\TransformParameters.0.txt")
(UseBinaryFormatForTransformationParameters "false")
(HowToCombineTransforms "Compose")

// Image specific
(FixedImageDimension 2)
(MovingImageDimension 2)
(FixedInternalImagePixelType "float")
(MovingInternalImagePixelType "float")
(Size 516 388)
(Index 0 0)
(Spacing 1.0000000000 1.0000000000)
(Origin 0.0000000000 0.0000000000)
(Direction 1.0000000000 0.0000000000 0.0000000000 1.0000000000)
(UseDirectionCosines "false")

// BSplineTransform specific
(GridSize 12 10)
(GridIndex 0 0)
(GridSpacing 72.1517955924 71.8514292804)
(GridOrigin -171.7305986538 -114.2909301432)
(GridDirection 1.0000000000 0.0000000000 0.0000000000 1.0000000000)
(BSplineTransformSplineOrder 3)
(UseCyclicTransform "false")

// ResampleInterpolator specific
(ResampleInterpolator "FinalBSplineInterpolator")
(FinalBSplineInterpolationOrder 3)

// Resampler specific
(Resampler "DefaultResampler")
(DefaultPixelValue 0.000000)
(ResultImageFormat "nii.gz")
(ResultImagePixelType "float")
(CompressResultImage "false")
